RBN activity between 2026-09-23 01:00 and 00:59 UTC.
490275 spots with 9712 unique callsigns from 232 active skimmers.

        Unique callsigns spotted per continent and band
---------------------------------------------------------------
    160m  80m  60m  40m  30m  20m  17m  15m  12m  10m   6m
AF     0    9    2   41   11   56   12   26    4    9    0  133
AS    10   55    1  668  121  340   90  220   43   70   26 1146
EU   103  523   98 1948  667 1936  516  798  137  136   19 4759
NA    65  287   28 1434  333 1603  230  433   42  144   14 3286
OC     4   15    0   73   26   73   27   37    9   11    2  200
SA     1   10    0   59    4   89    8   63    6   36    0  188
     183  899  129 4223 1162 4097  883 1577  241  406   61

        Active skimmers per continent and band
---------------------------------------------------------------
    160m  80m  60m  40m  30m  20m  17m  15m  12m  10m   6m
AF     0    3    0    3    2    4    3    5    2    4    1    5
AS     6   10    1   22   19   22   18   20   13   14    2   23
EU    72  100   32  104   91  110   81  109   63   82    7  116
NA    50   63   24   71   58   69   54   64   39   54    1   75
OC     4    6    0    7    8    8    8    8    8    6    0    9
SA     2    2    0    4    3    4    3    4    2    4    0    4
     134  184   57  211  181  217  167  210  127  164   11

Last updated 2026-09-24 12:26:28 UTC
